# YOLOv5 Hyperparameter Evolution Results
# Best generation: 74
# Last generation: 299
#    metrics/precision,       metrics/recall,      metrics/mAP_0.5, metrics/mAP_0.5:0.95,         val/box_loss,         val/obj_loss,         val/cls_loss
#              0.48643,              0.27827,              0.28035,              0.11763,             0.053323,             0.020977,             0.019461

lr0: 0.00752
lrf: 0.01
momentum: 0.90636
weight_decay: 0.00046
warmup_epochs: 3.2144
warmup_momentum: 0.59807
warmup_bias_lr: 0.10542
box: 0.04364
cls: 0.37685
cls_pw: 0.84671
obj: 0.74658
obj_pw: 0.94121
iou_t: 0.2
anchor_t: 5.662
fl_gamma: 0.0
hsv_h: 0.01362
hsv_s: 0.9
hsv_v: 0.48765
degrees: 0.0
translate: 0.09149
scale: 0.57013
shear: 0.0
perspective: 0.0
flipud: 0.0
fliplr: 0.5
mosaic: 0.93319
mixup: 0.0
copy_paste: 0.0
anchors: 2.5778
